241
148.9879 298.0493 6863476.0196
206.0729 119.9275 6761875.8712
281.0571 198.9561 6598165.2453
245.1671 114.1410 6488884.0665
187.8603 193.9574 6418731.2009
226.9422 186.1590 6407501.0517
299.9221 214.8758 6200808.4788
300.8821 170.9160 6195582.5726
227.0425 231.9607 6153386.4922
187.0842 146.3172 6119864.2075
245.0396 206.7912 6107884.0531
166.8622 271.0608 6067948.3777
282.9822 107.8555 5959954.1495
146.2749 203.1407 5941020.1435
187.8725 241.1533 5723777.7836
206.7969 260.8120 5695073.7273
301.8210 125.9278 5648056.8874
245.0075 161.2084 5633268.0634
264.4985 224.1817 5626534.0408
226.9707 139.4162 5539587.7442
187.9040 395.9830 5516850.2332
264.6330 177.9546 5439058.9459
315.7351 190.9132 5410175.9288
166.1184 175.7475 5385630.2209
245.0106 251.5905 5342885.7373
281.9258 154.3058 5257872.5239
318.4174 103.3332 5194526.8536
165.8944 224.1411 5186663.3194
265.2194 267.8689 5106880.4951
144.8338 153.2884 5060683.2601
147.2149 251.0771 5023038.5791
227.7288 277.1251 4868206.0423
263.9497 247.0199 4853534.7274
187.0908 123.2052 4766096.8685
279.9210 243.4400 4763047.1608
245.0509 136.1786 4734434.5517
315.2792 235.0863 4727123.1994
266.2747 110.9902 4700229.9428
206.2243 143.1961 4698522.2296
168.0203 293.0494 4673720.1404
164.5370 126.0451 4586665.9927
205.8332 168.3747 4434289.2217
165.2244 150.2338 4382941.6207
166.2188 199.0079 4349093.7083
227.4778 117.2686 4298114.3007
145.2618 130.0757 4236876.3821
281.9576 174.8096 4208467.2619
281.2326 220.0895 4188823.5990
148.0382 275.9173 4174865.4738
205.7350 215.2893 4037450.0001
282.4953 130.4609 4034362.8216
178.0675 395.8800 4015499.3511
187.8062 218.9708 3970559.3517
244.0626 228.2413 3936337.8419
316.9395 167.8718 3880874.6280
300.2053 195.0554 3844627.4920
227.2981 211.1705 3813138.1543
318.3728 124.2412 3797432.7955
245.0539 273.1886 3745188.4502
207.2974 283.2367 3709286.0221
227.8571 163.6193 3689661.1726
206.1371 237.2851 3666086.4667
302.0150 105.3189 3630308.7768
188.6358 287.3504 3621839.0285
301.6842 149.5921 3568481.3736
264.5693 132.3687 3451107.9509
245.3335 182.8833 3425829.8819
230.0313 430.9232 3412556.9372
300.4330 258.6827 3411564.6319
146.7555 227.6889 3403408.1319
281.4033 264.0187 3380527.0945
264.9817 157.4457 3345175.7059
299.5725 237.5233 3321824.9476
226.8538 256.3820 3120302.5346
362.9101 247.0136 3120284.3508
315.3572 255.0561 3114934.5508
485.7811 266.7590 3087120.0196
205.6979 190.1725 3071665.4965
188.2671 171.8239 3055933.3049
466.0148 286.2072 3031746.1729
452.0912 30.9807 2996476.1329
379.1159 229.0576 2958096.8334
413.1881 241.3421 2920734.6229
316.5796 147.4076 2905785.0421
146.4977 179.8470 2905621.3108
445.1244 300.0520 2882770.8073
166.8141 245.6889 2873599.2241
189.0706 265.5791 2792473.6877
395.9235 259.2427 2757050.1352
265.3199 202.8188 2724285.0446
332.6439 234.7578 2719033.8629
448.2902 254.3834 2702494.2160
430.8724 271.6238 2666214.0127
398.9912 213.8934 2650741.4056
442.8441 9.9778 2630395.6561
347.3653 217.9807 2625775.1921
482.3678 314.9239 2581502.5298
400.0421 168.2037 2576121.1641
235.3445 382.3153 2546130.5554
403.5029 16.9533 2521266.0641
381.1550 184.0397 2509746.4539
194.2021 403.9146 2504191.3434
376.9860 272.6504 2478128.5232
356.2184 65.1108 2456924.6895
415.2663 195.4664 2398394.8581
421.2430 38.6662 2396636.1719
451.6033 205.5837 2390127.3314
333.7062 192.0250 2376526.4728
489.3395 219.4951 2206781.2282
229.9290 417.4300 2200579.9958
472.9859 189.9690 2175453.2923
365.1315 203.4701 2158892.3511
336.4439 104.2312 2142354.7149
345.4995 261.1349 2142080.0102
402.3637 37.4200 2124034.9673
367.9636 111.9070 2068058.5879
191.9025 398.8033 2053424.5585
639.0250 346.8914 2051490.6813
382.0652 138.2390 2045060.0352
469.7541 238.2233 2043747.8673
554.1608 136.0127 2027938.6939
316.2542 211.5563 2020954.6338
364.1811 224.0886 2018419.0007
366.0100 158.3819 2010797.6556
432.2203 247.9927 2008397.7340
492.9719 168.6966 2003043.5344
402.3239 121.4065 1995749.3253
188.1424 398.8049 1958562.3417
468.0662 261.0321 1957219.6526
453.9776 157.8400 1947590.5545
434.1394 225.6681 1942501.0104
475.7661 139.8023 1917735.9909
411.0418 285.5407 1878645.6713
349.3491 173.7893 1869221.7220
411.9854 265.0262 1838490.8948
185.9147 399.9400 1833194.1923
226.0333 421.9319 1827708.2702
477.3549 0.9471 1826540.5980
436.2604 178.8918 1817015.8468
437.8755 130.1527 1801742.8696
400.9724 143.0676 1761038.4952
423.1081 68.8972 1743096.1461
417.1438 352.7957 1734209.1290
396.6944 76.9622 1711537.0081
350.1691 128.7562 1709061.6330
460.7816 69.5918 1696839.4316
504.0649 52.7033 1685849.1663
362.1377 324.9012 1674338.5464
335.4214 148.9036 1661866.1853
440.8574 0.2604 1656901.8435
446.6526 277.9280 1643885.9818
464.1871 308.3859 1638278.1170
365.4294 65.4044 1632072.1606
485.8307 0.2560 1611964.3523
474.0820 164.1017 1608404.6090
445.6585 -0.2699 1602132.2620
427.3599 39.2455 1596213.6336
361.7875 266.9221 1591477.2459
493.8635 145.1946 1585645.0228
230.7422 412.5659 1572582.5192
351.0866 0.7995 1559541.3594
592.0731 44.0505 1557288.8446
333.3011 212.9578 1552350.4081
428.7586 292.9684 1552125.5905
398.5154 76.8259 1531478.3186
508.3853 75.3994 1523152.9121
399.2560 190.0811 1522140.0676
335.1600 125.2310 1509325.9481
460.4556 51.2287 1505722.6187
415.7916 7.9473 1481352.6605
230.7265 423.5208 1475088.9962
198.1109 393.2204 1474998.6502
365.9616 179.1079 1469492.6380
347.9481 197.0346 1469017.3896
346.2719 241.2180 1468515.4047
483.5058 291.7905 1457329.9597
99.9461 341.9585 1456039.1559
511.4223 55.2543 1449111.6717
378.4039 253.0095 1441778.9444
639.4565 312.8668 1436819.8040
448.4365 1.2361 1433086.6152
414.7776 218.7404 1427104.9596
431.6151 57.5497 1420778.1540
395.0879 279.7762 1413774.4511
418.3840 147.8019 1408046.2335
362.6408 322.6756 1408002.6424
381.1471 207.7482 1383771.6699
222.8430 392.9590 1376469.7721
87.6942 338.7789 1367324.2004
419.0707 124.9551 1351692.9108
418.7113 7.6175 1346116.2841
494.5728 11.8704 1336931.1476
436.9746 152.9116 1326161.5862
487.6603 243.9035 1314239.9734
472.1000 212.8237 1307524.5222
367.2445 133.9035 1305675.3494
548.1348 84.1803 1289477.2947
443.6273 58.5454 1286886.6198
553.8858 1.9271 1286660.9170
493.9250 42.3605 1280899.1572
455.1282 135.1414 1277336.4709
581.0734 147.9642 1252858.5313
458.8005 0.0561 1252304.5604
452.5639 8.6383 1235903.0030
490.6972 195.1569 1231584.4307
333.9486 169.2576 1226072.8683
332.0053 254.6438 1218749.0548
390.8647 14.5198 1217572.6405
384.0627 115.7315 1216830.3446
100.8354 339.8603 1209974.2758
349.1767 152.9642 1208861.3158
375.8120 390.6259 1185604.5451
428.8788 25.9304 1160223.7914
585.7037 157.6703 1146187.4029
505.4226 4.3255 1140152.4938
435.1122 200.7320 1139483.5771
358.7272 0.3108 1135699.9738
370.1780 396.1689 1116975.5372
226.4335 429.1244 1114111.3795
392.3560 77.1970 1106640.4093
205.7645 365.9507 1093948.3323
226.2386 446.5563 1091367.8963
345.9471 72.4121 1084393.7555
453.1493 183.7136 1082839.2080
375.5397 392.8912 1080286.8933
442.6802 17.8419 1057851.7032
377.9691 33.5001 1055279.4694
393.3377 44.2403 1051313.3276
359.9634 392.0835 1036861.8809
402.2567 7.4094 1036722.9617
491.3836 51.4063 1034522.8838
197.6869 384.9556 1031374.2248
475.6742 21.1062 1024476.1735
493.7558 21.5721 1022802.3907
219.7409 392.4635 1018250.3578
377.9453 24.1684 1016788.5238
388.5366 25.1870 1014616.3410
498.7713 0.4764 1010508.7021
465.3742 82.3027 1005636.1965
506.7527 12.8872 1002677.0508
460.8308 0.1147 1002107.6994
